0 0 85361566-4fb9-48aa-9e69-8690ac60074b 1
0 0 441f3f7e-8fbf-4be8-ba8a-9d1b1b62f305 1
0 0 00a05d27-4696-4bef-9189-c979869c2f0b 1
0 0 eaccfa5c-fafd-408e-b79a-d9c80395f208 1
0 0 d09f2d4d-0a1a-42fe-bcd1-6687d9e8ed31 1
0 0 156e5430-6c2d-4c23-8a23-ad5ebd7bfc79 1
0 0 515821ad-d416-4b37-8bc4-7e9d2bf16fdb 1
0 0 1bae846c-2288-4f3b-b673-0861566f9f6c 1
0 0 a95c25a4-6517-41b7-8fd9-fe1179e97eaf 1
0 0 22aa0626-0de4-4afc-8ffa-6d21faea1f96 1
0 0 74e37af0-ba96-46ab-95e9-36ab3462ae92 1
0 0 3a305752-31fb-4272-8ef3-aaf10769e216 1
0 0 5c2a25ea-1121-4212-bdd8-dfd0abd6da85 1
0 0 7f85e238-b3ba-42da-aa09-07e8bc43fb6f 1
0 0 ffb560a1-1027-4db2-8929-35f3875bd198 1
