0 0 f28a0836-9340-4fa5-86c5-60ecd8c0f25c 1
0 0 425f2b77-962f-49f1-99ae-08882e9b7396 1
0 0 d78d0b97-be90-43bf-8648-2e5f45d9ce86 1
0 0 8a41d103-876f-41c6-bee8-09b46fa425aa 1
0 0 4fc952b2-9d83-4b90-9255-8ae2e5638eac 1
0 0 49b2a717-12ea-43e3-8f00-aa95bb846a8d 1
0 0 ac8af058-2309-4d12-95a1-76469332c04c 1
0 0 c66f4b45-31cf-4876-8220-0aa0f0fe9601 1
0 0 84b6acb0-4dc5-4c39-a4cc-3579fed358c0 1
0 0 1210ad51-f7ac-4e2d-b28f-6de5784ff680 1
0 0 2c81b79a-b4f9-4b44-8fa0-15b8c9d59acc 1
0 0 3b7e2724-476f-4672-b806-23ef775b5395 1
0 0 cdcbed2a-9485-4f45-8533-14431d5fdb2f 1
0 0 ed28b361-b227-4db8-840f-db2b21296824 1
0 0 01f2152f-96e4-4dc1-a202-f7e7cf67a3b3 1
