0 0 158782f5-9e73-470d-a8f7-16759aea3873 1
0 0 c8f05905-40b0-460a-a91f-e0ce148a9c06 1
0 0 9b268a8b-b27f-4f05-b289-58b87afd03a1 1
0 0 d7be657e-a88c-4c15-9e9b-8a771b0e8f70 1
0 0 32626050-71a0-48e0-abb6-78cee7ed1c84 1
0 0 447fccf1-8b18-453f-92c5-eb961bad7539 1
0 0 94378f2b-b363-41b2-9a8b-b39c570c998c 1
0 0 924a3b55-7470-483f-977c-1e499ec23110 1
0 0 3027d171-5db7-4eed-83d5-157042895882 1
0 0 0801b2f3-fb26-4bcf-89cd-586eca9bcbdf 1
0 0 7d7ea2c1-90e6-4cfb-be1d-92bf7434cf6b 1
0 0 edfb5e8f-0563-4867-a5de-c3a50398a81c 1
0 0 bd2d5d0d-91cb-4369-b5dc-f764f8645ac1 1
0 0 b4a2bb67-26ce-44f2-bd00-7e88b8af65c7 1
0 0 52dacc96-eee2-49e2-b22f-8598bb3e6490 1
