0 0 cbf9a539-8fe3-4296-beea-40dabcb301f2 1
0 0 b0cf5900-2e1d-4ec1-9c1b-a5eb11189f83 1
0 0 62e82fd6-981c-41f7-b23f-ff746707d4cb 1
0 0 c261f7bc-8dae-4913-9640-00c9fe19c148 1
0 0 5d331a1e-f8c0-4c6b-a6a1-674bc12c71b2 1
0 0 03a542c9-13dd-44dd-980b-8eb4d3e5f246 1
0 0 54b8ac14-a286-4a9a-9656-1b241b26b369 1
0 0 6e8937d4-5240-4204-972f-7156b7fd9301 1
0 0 b03b608e-2a85-47c7-bd8c-21ef08356433 1
0 0 469d26fd-eb6c-4e63-aecd-d2e5b87764dc 1
0 0 036c45da-6314-4930-9b91-0e73aaeb89ff 1
0 0 4143f7c9-c0d1-42eb-898d-baf62d4adf8d 1
0 0 44613939-8ab5-4f98-97b0-a0600a71cc1b 1
0 0 20d19dd4-c243-4a65-9c41-d42e6f86c901 1
0 0 283da50d-6221-47d5-8217-8f11a52aedd9 1
